%YAML:1.0
---
cameraMatrix: !!opencv-matrix
   rows: 3
   cols: 3
   dt: d
   data: [ 5.1103507159516437e+02, 0., 3.2382010511669915e+02, 0.,
       5.0894244156070920e+02, 2.4706161765982841e+02, 0., 0., 1. ]
distCoeffs: !!opencv-matrix
   rows: 1
   cols: 5
   dt: d
   data: [ -5.1967670063630046e-02, 4.1696494088206310e-01,
       1.8057276805188573e-04, 1.1491427963747820e-03,
       -6.3305668782665425e-01 ]
repError: 1.0746968196750255e+00
